# TL88 Matrix's Relative Entropy (Average Score per pair) 1.9196
# Lowest score -14 Highest score 24
    A   R   N   D   C   Q   E   G   H   I   L   K   M   F   P   S   T   W   Y   V   B   Z   X
A   5 -12 -10 -13 -14 -10  -9   1 -12  -1  -1 -13  -5  -3  -8  -3   0  -8  -7   0 -11 -10  -3
R -12  13  -7  -9 -13  -4  -9 -10  -5 -12 -11  -4 -12 -12 -14 -10  -8 -11  -7 -12  -8  -4 -10
N -10  -7  12  -1 -11  -3  -7  -9  -6 -12 -11  -7  -8 -12 -14  -3  -2 -14 -11 -11  10  -3 -10
D -13  -9  -1  13 -11  -6  -4  -9 -11 -13 -11  -6 -11 -13 -14  -8 -10 -14 -11 -13  10  -6 -11
C -14 -13 -11 -11  24 -11 -11 -13 -12 -13 -14 -14 -13 -14 -13 -14 -12 -14 -11 -12 -11 -11 -13
Q -10  -4  -3  -6 -11  11  -4 -12  -2 -11 -11  -5  -8 -10  -9  -7  -4 -10  -7 -11  -4  10  -9
E  -9  -9  -7  -4 -11  -4  16 -10 -11 -12 -12 -12 -14 -12 -14 -10  -7 -12 -12 -11  -6  10 -11
G   1 -10  -9  -9 -13 -12 -10   7 -14  -6  -6 -12  -8  -6  -9  -3  -3 -10  -9  -5  -9 -11  -5
H -12  -5  -6 -11 -12  -2 -11 -14  12 -11 -11 -10 -11 -10 -14  -8 -11  -8  -5 -11  -8  -2  -9
I  -1 -12 -12 -13 -13 -11 -12  -6 -11   4   2 -14  -2  -1 -13  -9  -5  -6  -7   3 -13 -11  -3
L  -1 -11 -11 -11 -14 -11 -12  -6 -11   2   3 -13  -2   1 -12  -8  -5  -5  -5   2 -11 -12  -2
K -13  -4  -7  -6 -14  -5 -12 -12 -10 -14 -13  13 -11 -12 -12  -9  -8 -12 -11 -13  -6  -6 -11
M  -5 -12  -8 -11 -13  -8 -14  -8 -11  -2  -2 -11  11  -3 -14  -9  -4  -8  -8  -2  -9  -9  -5
F  -3 -12 -12 -13 -14 -10 -12  -6 -10  -1   1 -12  -3   5 -11  -9  -7  -4  -1   0 -12 -11  -2
P  -8 -14 -14 -14 -13  -9 -14  -9 -14 -13 -12 -12 -14 -11  11  -8  -9 -13 -14 -12 -14 -10 -11
S  -3 -10  -3  -8 -14  -7 -10  -3  -8  -9  -8  -9  -9  -9  -8  10   0 -12 -10  -7  -4  -7  -7
T   0  -8  -2 -10 -12  -4  -7  -3 -11  -5  -5  -8  -4  -7  -9   0   8 -10  -8  -3  -4  -4  -4
W  -8 -11 -14 -14 -14 -10 -12 -10  -8  -6  -5 -12  -8  -4 -13 -12 -10   8  -1  -5 -14 -10  -6
Y  -7  -7 -11 -11 -11  -7 -12  -9  -5  -7  -5 -11  -8  -1 -14 -10  -8  -1   5  -6 -11  -8  -5
V   0 -12 -11 -13 -12 -11 -11  -5 -11   3   2 -13  -2   0 -12  -7  -3  -5  -6   3 -12 -11  -2
B -11  -8  10  10 -11  -4  -6  -9  -8 -13 -11  -6  -9 -12 -14  -4  -4 -14 -11 -12  10  -4 -10
Z -10  -4  -3  -6 -11  10  10 -11  -2 -11 -12  -6  -9 -11 -10  -7  -4 -10  -8 -11  -4  10  -9
X  -3 -10 -10 -11 -13  -9 -11  -5  -9  -3  -2 -11  -5  -2 -11  -7  -4  -6  -5  -2 -10  -9  -4
